-0.31068364	-0.13709275	-0.14045997
-0.25061968	-0.21642427	-0.0346
-0.13401698	-0.3027248	0.06534396
0.025434427	-0.32591227	0.13222688
0.20085886	-0.29419127	0.17209655
0.31142733	-0.16545874	0.20138559
0.30531657	0.013986629	0.22734296
0.19939819	0.15062504	0.2578157
0.03960383	0.16765685	0.31374452
-0.13576351	0.16279984	0.28835943
-0.2261825	0.21456714	0.1674314
-0.16732599	0.28753424	0.012961176
-0.1042213	0.29752105	-0.15065621
0.022992175	0.28202596	-0.24674492
0.18937379	0.25656256	-0.20737699
0.31858104	0.15003742	-0.16233332
0.31871152	-0.019074237	-0.17857005
0.20849411	-0.15160616	-0.21428703
0.08752613	-0.2253743	-0.2977636
0.08876969	-0.22512245	-0.4446543
0.19262816	-0.2642803	-0.5864232
0.29019678	-0.34815234	-0.69029254
0.3510261	-0.45468086	-0.62539065
0.4109856	-0.5210877	-0.5002337
0.47382522	-0.5473629	-0.37446278
0.55151457	-0.5268052	-0.2662726
0.6137205	-0.4820532	-0.16140354
0.65458786	-0.4148995	-0.06138395
0.7013593	-0.34683642	0.039784823
0.74529195	-0.29027215	0.14767998
0.7685522	-0.17234135	0.18331274
0.7755246	-0.036183074	0.19106701
0.75015026	0.063437484	0.2889046
0.69314533	0.10367476	0.42573857
0.6273742	0.026274342	0.5203306
0.5920377	-0.111584924	0.54980123
0.5697811	-0.24325363	0.54208016
0.502286	-0.36017475	0.53817886
0.42597577	-0.4687842	0.5104075
0.44542295	-0.54108554	0.41128036
0.51170987	-0.5535359	0.29845622
0.50926715	-0.60855633	0.19657356
0.45796838	-0.6966123	0.10904063
0.3949586	-0.7460029	0.01932702
0.31160128	-0.6969298	-0.056492265
0.2181275	-0.6440953	-0.1209569
0.1879279	-0.7193134	-0.21009092
0.17293742	-0.7477301	-0.3368564
0.093773454	-0.70539594	-0.4171195
-0.038559064	-0.68513906	-0.37720028
-0.15764523	-0.6437955	-0.38581267
-0.18175435	-0.58900225	-0.4955192
-0.12656456	-0.53990287	-0.60898715
-0.07846049	-0.46054664	-0.6956861
-0.08240614	-0.34787887	-0.7661495
-0.1584351	-0.22994597	-0.80787486
-0.24014838	-0.12295849	-0.7907924
-0.2241269	-0.06812604	-0.6372763
-0.21665488	0.0071437843	-0.50237685
-0.30086628	0.09543975	-0.55119944
-0.39069486	0.14102018	-0.68605345
-0.49088234	0.21738388	-0.6689963
-0.5725434	0.306833	-0.5641296
-0.64657456	0.36117622	-0.43919548
-0.64257693	0.32468	-0.32019225
-0.5193466	0.24282981	-0.25307333
-0.4752229	0.22422965	-0.12524173
-0.5447269	0.32760522	-0.026794996
-0.68103755	0.41646594	-0.0015589513
-0.7597551	0.39040452	0.09203288
-0.76392883	0.2909661	0.21480438
-0.7512608	0.1661987	0.29508877
-0.7035976	0.041536015	0.27373108
-0.6063952	-0.056992892	0.22583868
-0.6204687	-0.19343612	0.27605996
-0.6477622	-0.27488446	0.40255234
-0.61158574	-0.21521428	0.5373228
-0.55480695	-0.09790484	0.62031174
-0.50143844	0.030303285	0.6421064
-0.45112014	0.14622523	0.63644063
-0.47184286	0.25395977	0.5880743
-0.49443597	0.3550308	0.5227921
-0.49336118	0.4532538	0.45376128
-0.49527743	0.5305325	0.36270267
-0.4855316	0.60245496	0.266856
-0.4147104	0.6642174	0.18903875
-0.319075	0.7154745	0.1287054
-0.23023698	0.773336	0.069326624
-0.1278135	0.8084114	0.01813963
-0.0402671	0.8017496	-0.060054693
0.030735642	0.78340364	-0.15689436
0.11141431	0.76836413	-0.24496682
0.16470574	0.72796905	-0.34718132
0.15114507	0.6665752	-0.45615536
0.17264278	0.57663053	-0.5500888
0.26465872	0.48487744	-0.5839782
0.3909604	0.46192977	-0.53677493
0.5191542	0.42760962	-0.46580344
0.61718017	0.4234096	-0.36792323
0.60260916	0.506497	-0.25554195
0.51396096	0.55240667	-0.16599564
0.43520024	0.5629304	-0.0720615
0.4401865	0.6758339	-0.016604615
0.38878986	0.7528771	0.0773877
0.2809167	0.7457612	0.15422386
0.18313342	0.6397609	0.16708387
0.08278588	0.6412797	0.23725426
0.02451391	0.72291136	0.32947984
-0.061842006	0.7059979	0.40845573
-0.13081111	0.63652986	0.4866825
-0.14958403	0.56614727	0.5834361
-0.15159789	0.46595278	0.65062374
-0.13174123	0.35565266	0.6811938
-0.0593339	0.27169505	0.7160815
-0.023361348	0.18988691	0.79054016
-0.082149155	0.077900596	0.83621883
-0.15735726	-0.05521218	0.8412465
-0.18560149	-0.15482636	0.7767306
-0.157118	-0.13833801	0.6031824
-0.17611538	-0.1741675	0.46100593
-0.2550047	-0.29454935	0.5158526
-0.32680315	-0.41994745	0.62225163
-0.34133372	-0.5433148	0.5676991
-0.29511243	-0.6393659	0.44864824
-0.31880963	-0.6600967	0.3218037
-0.4115345	-0.5960516	0.2557738
-0.52325326	-0.5402489	0.22609092
-0.6261076	-0.5238488	0.14933296
-0.68091196	-0.47274992	0.039793935
-0.7131635	-0.38311988	-0.06000798
-0.76157063	-0.2699656	-0.089561775
-0.80885583	-0.14235905	-0.045982655
-0.81902045	7.115228E-4	-0.079595
-0.79427797	0.0460815	-0.20980829
-0.73018074	-0.011897552	-0.3386121
-0.67281806	-0.09148442	-0.43862817
-0.61987567	-0.17165413	-0.5277091
-0.51645	-0.25700802	-0.58581126
-0.43006295	-0.3615673	-0.5591184
-0.45940232	-0.43489283	-0.45600128
-0.5470147	-0.48774454	-0.36525223
-0.5304063	-0.56718636	-0.27970856
-0.45895627	-0.63263386	-0.2032119
-0.38033578	-0.6695466	-0.13441934
-0.337954	-0.74090284	-0.069130145
-0.24122958	-0.7702514	-0.039479498
-0.13257603	-0.7859543	-0.032545123
-0.06379991	-0.83193475	0.038746715
-0.018468183	-0.82369334	0.14740613
0.032764513	-0.75673366	0.2200709
0.118780695	-0.7181965	0.27962202
0.14727363	-0.70504063	0.3844469
0.093032256	-0.6662551	0.47657943
0.030983029	-0.5977862	0.53494143
0.021561952	-0.52767354	0.61474836
0.05016287	-0.45532352	0.6963691
0.118820116	-0.37852865	0.72241336
0.18686286	-0.29949006	0.70819634
0.233175	-0.21543506	0.7264326
0.24657218	-0.12061536	0.755045
0.26293278	-0.013109021	0.74016106
0.32493377	0.07033521	0.7178449
0.41418043	0.15289783	0.6886538
0.42872465	0.2646754	0.65717816
0.31580797	0.34242126	0.66936344
0.22568665	0.44960836	0.6403116
0.24660684	0.55259156	0.5582703
0.3499317	0.5910481	0.4657648
0.4579802	0.54968107	0.39196613
0.5143387	0.44083896	0.37063724
0.5764318	0.36915326	0.32195556
0.6609165	0.3941622	0.24510433
0.7246191	0.4123428	0.15002683
0.74451685	0.3437854	0.05663387
0.7336131	0.26396853	-0.024964465
0.7303616	0.21552554	-0.13268776
0.7433198	0.14130193	-0.21929735
0.78497344	0.027530232	-0.19707021
0.7765461	-0.10226165	-0.21306276
0.7119147	-0.18973775	-0.3100023
0.6328801	-0.21133558	-0.43568617
0.585096	-0.13380815	-0.5439098
0.5917785	0.006484405	-0.568158
0.56798655	0.13718565	-0.57654595
0.44898564	0.19045617	-0.6385925
0.33203286	0.148937	-0.6859316
0.29685104	0.038885377	-0.7477065
0.20350257	-0.042256556	-0.80533016
0.07448417	-0.0053835493	-0.82579345
0.0079038795	0.117057726	-0.81459033
0.01795287	0.23786962	-0.7703516
0.012079439	0.34262404	-0.7172639
-0.07886264	0.41024068	-0.68564814
-0.18630825	0.44736335	-0.6531899
-0.25118077	0.5140124	-0.58088654
-0.2599572	0.59292376	-0.49403188
-0.2472028	0.65971	-0.39095643
-0.31763807	0.6654831	-0.28800035
-0.43202356	0.65837336	-0.21609452
-0.5293043	0.65479344	-0.1606532
